35962.586550546
116.856998927084
46.2764208283769
38.0509715130608
105.920421512672
885.748298494768
2636.15368149418
934.477499574021
327.276004093137
301.226388694339
308.656266430664
128.893622403037
223.153743913999
113.127553430261
720.763351837369
94.5514254214306
1357.67891991193
1388.23218071048
12.8996463026759
465.146127858778
3278.65151183294
1912.82376932874
2066.67380084204
3613.37916101341
46.0838700626023
3736.87573362943
1525.03079755919
991.671857517994
5993.56224943058
5245.75640652115
1076.94753802159
1365.50703837678
860.785398223779
2316.21060431818
11281.1977476685
6135.72019796025
5458.03698908129
741.14637043132
8.37175143245991
74.1912723071744
3828.99587074729
656.675238273024
1752.26028446825
801.036134060389
1390.48457862063
9.64599382303411
28.8996567776824
4.48849819602337
89.6544111498164
21.8031011903929
63.5758208410498
12.2829128252764
9151.30228469069
507.185957727408
228.217658059545
219.079573160337
140.92353857865
693.573247865985
3114.4917670556
1734.81217517062
1156.47708757085
815.797016117108
933.889191942243
4014.97335843094
473.324795148669
553.008478390027
139.066888819201
1060.04071553089
366.391905952392
75.2600286731835
1071.09917651503
563.350227379892
600.610488712259
0.396302444227788
2932.58677504358
2630.03061002185
4891.97829525709
3479.61204172342
25.6319203617749
3735.86046310307
16.9893407613352
81.9806547181107
2846.99550106864
4303.19989745081
1677.42485509837
1369.85971722703
1757.04414616479
3273.64001328733
7951.25064873442
7167.95477849611
2536.78302940308
309.739228747238
267.660340358331
59.7863983438603
5877.12081726252
2799.33824092861
638.31453522497
3468.98240173735
657.75247811896
88.4089920228671
152.646414485303
8.19081294185882
4.71985473816954
24.2169797965191
194.503688302335
336.339456331567
29.9442368818097
584.678914314686
400.699520595445
172.133536114169
1854.29010748367
290.210301533298
180.465505655863
22.6643391222223
1452.01462928132
4814.25839555918
4266.69400869774
2703.92938442149
4.83617968502908
1023.24884617692
28730.6957894
1846.86042497022
355.748347620886
1107.97957072929
2130.93511370429
10713.4242021313
12299.7905525858
5413.47018206636
656.189227429805
70.6803979969896
3.2825245489864
24.7180698640739
1974.95810103606
1140.21345300071
2420.48874299389
948.896612606067
2223.39136361251
1622.92100832303
3124.76666964004
917.322512199914
1742.59391077111
788.02739302962
3687.13188255368
37.5708086409027
569.876800140101
2.58594317104308
328.429856717622
1552.43053081214
1037.65717837409
1187.05384832345
1960.74595388773
0.0339896976708386
1826.79260242961
2894.10440105849
268.503628243667
925.321034092149
3677.51381780376
1394.7270280098
644.681260537749
1442.97033677401
1462.42989014348
1123.80090869354
125.426218301581
2135.1635558519
605.688136438726
1556.35404528123
1020.45054757626
245.772794814432
75.0109591408972
624.610237736372
560.094352496941
278.115478979625
404.670233681642
1741.58482811278
2695.88094299327
383.166684568353
6.8048490296327
24.0780194540722
404.193842794395
885.454761722621
1621.14894933425
1035.82205193704
1597.5785180807
1471.2576874503
188.423295688859
109.434283430129
179.738804176599
1670.8705136267
489.879812067043
5.32386038108744
947.345697562575
437.475723313383
514.042702924669
204.2647433527
94.9134157016251
38.1054421824051
262.499032655997
562.774726020359
38.0620469253172
965.826623042822
574.703279688333
785.094671275386
2120.08274707315
3443.60600197817
976.104745061708
2865.72044991836
761.741047230321
1492.15649011957
2868.00162925866
2263.86212096684
921.038232831123
1748.79444563595
1243.59543325213
2908.23605014438
1792.07234937071
1123.61327336096
987.532499753385
198.813343167583
802.098786225309
1026.3876239368
197.250291187431
316.637709807116
687.726191912427
330.086959062761
5465.01898544293
1275.99788873644
1916.00681910561
75.4043297558182
1038.16304442993
23082.3032792134
8997.33630996098
920.791406618883
296.113536356392
1920.88659449979
5036.58811590264
577.538672379052
8475.29927720678
2726.54668877438
857.977511042253
12.3501775654362
111.025423101988
2746.04363952659
2518.87460198754
2363.57835067182
1065.17971204706
1969.60275225044
1487.12048064428
1762.950108879
676.667112141486
1091.68864678957
1475.69339877431
156.813736184259
1723.91584504437
244.808606446011
562.195339376923
3589.51529234221
1959.00225799435
1973.96020360286
1728.27945637584
1697.87611628994
719.358200305042
2153.10550582465
1364.68541674488
1119.03511208555
871.861933011769
1223.1771194075
1214.27423275781
336.649712548845
769.097250989649
272.481688333745
2.72151500209141
343.19224826553
696.157824476875
4413.48582674578
1008.79273840932
190.12338192859
45.4520399302527
502.129190133679
727.845532397136
203.361135083897
31.5391171634736
1697.00971715325
22.5457970012377
14.972826123841
7.64419759616207
2.36430071018509
25.6393702062798
1.0621588785381
51.5685051997957
163.200400376609
3213.85837350114
718.695843938061
272.468376573688
359.053911955709
506.374428421126
1.60688648871805
2.53709387477512
30.4407566423239
3574.21200617619
2401.8150575805
656.926340214925
109.174035644963
79.4167368711583
6.50249062364428
0.548395011405567
0.684216100236819
0.963024003392903
16.3786766237967
21.5812216731819
1156.67163239889
6955.29896710431
10.7499635158302
1166.71658509175
448.332989690168
2051.91911536867
1600.65967197313
622.407114429481
437.340242121529
17.004723278358
14.1787866958375
4381.28980202532
732.527402340862
181.87246299982
16.6000471670733
6.19495358217995
1673.36177370146
4144.20108213147
2141.38923437772
201.444123107508
3921.85819818817
2130.33866248956
2625.91306841396
1765.60618238318
1421.84182126952
907.370626785395
1343.04765887457
3754.25273125036
2338.37784324043
140.24952635996
15.7470922631071
35.4591629403427
91.2504801993681
411.536051513589
81.4071631083941
2054.9185806877
339.157345199516
105.453082343374
18.0286672783456
2.61085326178225
19.2461416446252
65.8875630202672
88.1047389091162
190.81021785014
6.53028025184767
133.589218955438
368.807675780158
94.0875165970048
99.9872774986899
271.617386099941
32.8590695967001
212.190034005539
337.268467977491
316.622963507511
556.767470520963
316.87563594775
1543.94705611496
1092.75152555247
2023.31319232908
891.778046458715
952.536605933927
192.359363686292
349.726506183535
187.594963270498
407.11256253625
246.737798935597
17.7758658515612
45.4944974202971
8.93106672365563
1.17318491868383
1504.78602813863
461.974685127902
3922.41929837426
547.025250992292
861.603821337973
73.131175470295
55.8990454269663
59.0740788643647
139.87044187643
141.705662438793
900.391119515454
285.628371759093
515.836421194646
45.2306292965634
1061.86751013436
226.965461909799
38.4813769539517
806.420259046978
805.745558319028
625.581501191093
6878.37031096388
4287.9702800326
2.19886849396757
225.462156845906
3520.34337978766
2121.06267354313
3833.70813968216
1013.39906930033
211.490916473231
224.263596439084
126.592164286192
384.24886425035
115.920462485014
68.6986556917434
449.109509607849
349.595304207465
373.955185408299
226.658622092902
11289.7260312456
14301.1101497712
3371.16362685964
1250.29611867442
1695.83300602131
645.351108582709
2104.28500841746
3357.69611032033
3724.12078234127
1646.90831188861
287.297272886977
606.86367971951
844.027351254379
1006.01499224585
952.238369868194
22.6993798859288
54.1438453282269
1852.66911091276
107.614044480662
34.528486670764
5.91578312224871
116.746483603934
0.9017606236987
15.5205012508805
3.8887944286876
317.791273083406
141.439315681722
463.2360096903
2932.65676244567
127.294651156223
86.5281572862292
119.277194387792
182.773379981791
1517.06913444372
193.917449684462
224.987319026383
247.332024260893
670.937603020843
3238.84355532625
438.772937510399
812.716348538812
341.510190510055
759.390248273887
346.981890388458
128.203349164369
596.170681193915
286.769001519654
62.9540220271665
6.07695006717389
11.4519117798827
1188.22224156629
269.874878974455
340.125509491033
346.304782492688
74.9357913602635
42.5889360490945
64.5545655153808
462.483015872592
508.043068089797
1029.66587449919
703.186254251664
363.119719500682
119.219450249103
6.26564866721245
62.5275837940654
2739.62166613907
52.3292504116344
10.2279392806329
9149.98854627142
6936.33533562529
3981.58065232387
1484.0903949653
3344.7783448942
2904.00980948334
449.52585028615
601.332769787765
840.279549577753
316.53099435786
994.545264635201
158.759832883486
95.8162988568776
362.173055871768
455.670031975317
933.996932311614
14008.7928634836
1628.81203300088
4990.55058512786
97.886135486241
135.433581874945
27.5649493295439
222.226836143208
178.050671852079
245.370897143049
29072.850509988
6880.20032500179
23.1877177161421
5.47269168035024
0.252517307773045
25.6586606670041
0.147680878726246
116.021042358076
14.059890733385
125.02550242584
6.87757303815695
35.7122850904282
12.7592026149614
28.1929691296316
65.9910642642671
10.6063788314386
14.5466772389354
2.58014923488626
2.91761812703796
1.55896101500217
7.02704752708336
0.421425188460085
9.81353862969148
15.5960647064563
29.5029303348043
10.8292030879387
30.2162084980804
7.05136672000149
102.048642849557
9.61501787855675
45.1005637965377
3.90992730533177
39.7375769157776
2.2682371092602
0.671186716129664
0.274192276518526
0.470931618883016
15.6458465405834
3.03863539523749
26.9524619497611
37.0955141392879
16.5326098638329
1.80255559137126
0.0796735944018647
0.481661904978487
0.405258293798699
1.43717157059401
10.1160643695761
219.204787720434
317.826141284032
617.522897714805
269.531119373642
199.163958228957
9.95499503609041
4.26438930325747
40.8616162177522
5.11245491994334
167.147331132805
754.167325093452
865.588703770445
25.5862260066754
157.755965464923
1009.7404966808
1987.02114235088
1686.51836294485
1544.03445670063
2.72999499589493
20.3480562680083
20.9962920944337
0.332525569967362
4.50303358519655
7.26214119291191
7.45337943343798
2.33533102940102
6.85592072920991
12.7724760276672
55.9812011408288
71.1634386635505
459.211624256889
6512.89796403534
4.58219646260265
80.9305334217323
126.119210716063
65.9861976367852
72.4173743885932
24.1691536773041
41.4075151652058
2.22353281304666
7.52296593140799
11.3925448510123
10.2336826680086
36.1882959902862
8.19026387751183
3.70130551327384
1131.48951775159
138.472468271026
696.20620314656
294.927876347132
1.23642667308861
1.01032371805936
0.334725313478161
12.4796173064125
18.978872808063
37.9552983578938
15.0065770220974
10104.8851440677
7.66674583867848
464.241590538238
1556.88644073187
705.549202346188
9377.35691159904
13946.0148941459
34.6146305091532
24.9036727870323
3.20948853246816
19.8285228675788
6.18851819942094
313.839691839344
170.61333381288
281.202960185008
2.57860836859185
32.2698503437997
3932.66126407013
6.43198378924502
25.57496757297
13.7335966079906
39.2711580829084
906.245440549007
418.405425190831
427.393864781094
46.2926975359077
2.46458774892825
160.46629698495
536.89357925077
3099.37662170996
385.172074987871
257.832473763775
2543.91496739411
17.5519399802443
0
240.597307307454
28.8288327061049
0.968429236853276
12.0643032912874
4.96112581366709
10.208200853124
302.492288792961
321.535199934498
27.5865510897098
1.819102473422
2.8339494358637
0.545457952914523
0.151846795517698
10.6677973435991
381.550049137119
397.388964132718
294.169144371232
335.874064161873
367.757336601102
5.09083398610185
1.54292310688579
54.0137972588154
235.595284043713
1159.46154164494
662.242407368408
203.519248185216
385.667012048617
704.321827391048
313.631373339973
8.62162451606031
11.465798750208
95.1455583644712
18.4671430936065
837.773602467474
85.6336373396651
0.450272854944822
1.7799010221083
14.951344634913
76.9097752991337
68.1783396567367
4.96119030693959
91.4309044868505
45.4013795931703
78.4824176032138
29.330510185358
19.3878385935
5.51690966242787
10.9241459003712
3.15280068899887
14.6645081908609
60.9216786489262
8.09824069295623
5.31151253399512
656.264492821879
532.743599269873
1492.20279803229
153.126043980667
0
0.876418253727607
8.88895610283359
32.0515266718835
40.5223388993783
